-0.3548 0.7747
-0.7100 0.2972
0.0658 1.3645
-0.3586 0.3870
0.6408 1.5929
-0.0050 0.6117
0.0619 0.3248
-0.8692 0.5957
0.7379 1.0227
0.6132 0.4652
0.2301 0.8609
-0.4660 0.4609
0.5180 1.1007
0.7412 1.1719
0.0457 1.0831
0.2551 0.1007
-0.5849 1.1703
0.2693 1.2848
-0.3564 1.0518
-0.7092 0.2326
-0.5580 0.8109
0.3123 0.7159
0.5752 0.9435
0.2913 0.9716
-0.6548 0.4338
-0.3129 1.2199
-0.0173 0.5909
-0.4655 0.5273
0.0311 1.0521
0.3250 0.8299
0.5243 1.3189
-0.4251 0.6922
0.7239 1.0065
0.2031 1.1526
-0.5267 0.6774
-0.2476 0.3367
-0.4290 0.6242
0.8138 1.4869
0.4958 1.1599
-0.4667 0.2608
-0.6300 0.6308
0.3528 0.8112
-0.3030 0.3640
0.0061 0.6394
0.8334 1.5726
0.5229 0.4736
0.5916 0.5310
-0.8433 0.5114
-0.8741 0.0956
0.6897 1.1414
0.4385 1.4075
0.1904 1.2156
0.8192 0.5482
0.6226 1.3631
-0.7010 0.2678
-0.5479 0.1507
0.3917 1.0928
0.2352 0.4445
0.1476 0.9876
0.8207 0.8559
-0.3755 0.7241
-0.3803 0.4315
0.2891 0.9048
0.4075 1.2222
0.0213 1.7220
-0.1552 0.7950
-0.0605 0.6505
-0.4990 1.1185
0.5086 1.1685
-0.7508 0.2576
-0.3780 0.8221
-0.3499 0.6276
-0.8255 0.6695
0.8912 1.4506
-0.8981 1.0396
-0.1801 1.1194
0.1883 1.5760
0.1320 1.0261
-0.6271 0.5308
-0.1676 1.1525
-0.3884 1.1178
0.7751 1.3009
0.0021 1.1954
-0.2930 0.9056
-0.9094 0.3111
-0.6412 0.5871
-0.7035 0.4761
-0.5170 0.8931
-0.7448 0.1314
0.2696 1.2576
-0.3650 0.4033
-0.2626 0.6952
-0.5594 0.7291
-0.6987 0.8201
0.5408 0.9564
-0.5863 0.9883
0.4752 1.6541
0.0493 0.8747
0.2709 1.0617
0.0243 0.6427
